0.659581
0.686748
0.524937
0.417131
0.589507
0.592038
0.373721
0.504239
0.763551
0.597119
0.418758
0.688792
0.668038
0.425536
0.536243
0.573320
0.560019
0.547492
0.526413
0.478147
0.405390
0.388996
0.517163
0.412593
0.690041
0.727523
0.449566
0.455431
0.650182
0.618071
0.474107
0.667598
0.726654
0.596041
0.484803
0.398951
0.538905
0.584726
0.572348
0.556020
0.535501
0.487976
0.407928
0.393283
0.451315
0.383579
0.616528
0.719219
0.512108
0.488209
0.641025
0.603925
0.406896
0.587134
0.768204
0.578768
0.323286
0.332333
0.546052
0.593291
0.578799
0.562223
0.545061
0.492763
0.407591
0.403199
0.528020
0.593895
0.462122
0.464235
0.726238
0.718372
0.450722
0.543388
0.647850
0.565525
0.605485
0.721536
0.501875
0.323806
0.529418
0.592425
0.575222
0.561013
0.546730
0.490322
0.406041
0.406722
0.414541
0.439499
0.364710
0.350937
0.546805
0.575858
0.366108
0.397954
0.553161
0.598630
0.581003
0.591943
0.500478
0.328896
0.498184
0.592753
0.571567
0.552724
0.544222
0.491827
0.405516
0.402754
0.246253
0.226703
0.368653
0.542372
0.517266
0.396555
0.329286
0.239442
0.349147
0.608874
0.594635
0.356671
0.249413
0.275744
0.466347
0.590243
0.573078
0.548561
0.544564
0.498045
0.405874
0.398605
0.218078
0.235672
0.354426
0.603372
0.659831
0.481850
0.341261
0.263442
0.279299
0.457794
0.504807
0.349861
0.215747
0.233239
0.429769
0.585354
0.578505
0.552505
0.547825
0.507272
0.408516
0.395975
0.233519
0.261469
0.290131
0.356122
0.411966
0.384075
0.314451
0.324117
0.311821
0.326736
0.336961
0.341255
0.282331
0.212395
0.366436
0.569456
0.576691
0.548963
0.548527
0.516101
0.412690
0.392278
0.262132
0.273754
0.290956
0.286846
0.280568
0.293050
0.324094
0.444900
0.504735
0.459807
0.337999
0.299358
0.310763
0.230427
0.281981
0.523430
0.562167
0.533883
0.539803
0.515219
0.403509
0.372157
0.426753
0.464179
0.423572
0.301591
0.230254
0.288174
0.522822
0.641686
0.611460
0.647009
0.549945
0.341078
0.299068
0.271399
0.248055
0.509483
0.611810
0.580115
0.561691
0.534821
0.479670
0.483600
0.575876
0.605580
0.517552
0.280234
0.174810
0.347801
0.678465
0.588559
0.372184
0.572183
0.679799
0.408735
0.266006
0.261601
0.288829
0.602790
0.786149
0.760774
0.706031
0.675154
0.706247
0.747945
0.573980
0.502974
0.336894
0.309978
0.400401
0.527580
0.675943
0.606988
0.504912
0.613975
0.674248
0.478264
0.356001
0.370473
0.419981
0.673301
0.864820
0.865997
0.834281
0.806130
0.825679
0.840835
0.546485
0.479943
0.315218
0.454008
0.609724
0.623537
0.642009
0.674995
0.686426
0.671064
0.636095
0.593439
0.615334
0.609221
0.530857
0.665608
0.840573
0.850754
0.841097
0.822180
0.825278
0.823516
0.521975
0.548818
0.481439
0.534111
0.581207
0.587198
0.609896
0.647630
0.666101
0.633429
0.588812
0.659829
0.817445
0.746796
0.505981
0.636134
0.825776
0.827394
0.826935
0.826377
0.825559
0.815582
0.530562
0.550250
0.496149
0.514481
0.570634
0.579133
0.570631
0.627871
0.655372
0.603796
0.571092
0.696294
0.855019
0.829089
0.552480
0.610119
0.816203
0.811023
0.813042
0.828097
0.824039
0.798731
