0.654310
0.687681
0.530389
0.415844
0.585124
0.598253
0.379851
0.492560
0.760636
0.609793
0.424797
0.681512
0.680405
0.448775
0.541886
0.573438
0.561005
0.547981
0.526668
0.478376
0.408067
0.393178
0.525899
0.405766
0.680310
0.735098
0.456570
0.450006
0.648587
0.624429
0.473058
0.659062
0.732212
0.601782
0.492183
0.417434
0.546130
0.585192
0.573275
0.556527
0.535952
0.487920
0.410648
0.398291
0.456994
0.380158
0.606930
0.722179
0.519190
0.485369
0.638344
0.610515
0.409842
0.575786
0.770461
0.591929
0.328126
0.344286
0.554185
0.593539
0.579394
0.562712
0.545527
0.492023
0.410248
0.407935
0.521058
0.596360
0.467564
0.458061
0.720177
0.726373
0.455808
0.534992
0.647738
0.570194
0.610446
0.723677
0.508419
0.338316
0.538135
0.592595
0.575726
0.561634
0.547046
0.489291
0.408733
0.411630
0.411039
0.440553
0.368158
0.346597
0.540385
0.580294
0.371736
0.389792
0.547070
0.601978
0.586298
0.588997
0.504294
0.344877
0.508717
0.593666
0.571753
0.553655
0.544809
0.490692
0.407983
0.408326
0.247187
0.225855
0.359755
0.535925
0.519796
0.401056
0.333688
0.241439
0.339016
0.601030
0.598223
0.361553
0.248447
0.283649
0.478568
0.592398
0.572901
0.549619
0.545571
0.496671
0.408022
0.403875
0.217188
0.235118
0.347259
0.598520
0.665748
0.492556
0.345719
0.269575
0.276624
0.447055
0.501929
0.356701
0.217065
0.236952
0.443089
0.588658
0.578235
0.553476
0.549230
0.505740
0.409974
0.400761
0.233336
0.261536
0.289913
0.357492
0.415370
0.389629
0.314992
0.325752
0.314654
0.325225
0.333690
0.340962
0.284045
0.214972
0.380499
0.575119
0.576136
0.549918
0.550363
0.514518
0.413447
0.396682
0.259258
0.274972
0.290920
0.288712
0.282304
0.293645
0.329637
0.448392
0.505632
0.455904
0.335851
0.299855
0.312915
0.232009
0.296287
0.533421
0.561645
0.534471
0.541578
0.513543
0.403729
0.376854
0.422949
0.464186
0.427814
0.305590
0.231686
0.295911
0.535568
0.641775
0.612791
0.649279
0.540336
0.332927
0.299187
0.273045
0.258730
0.515387
0.611973
0.581831
0.564021
0.533768
0.478528
0.487146
0.575344
0.605477
0.525518
0.287702
0.177184
0.366162
0.687065
0.574236
0.373611
0.590092
0.671248
0.388714
0.265466
0.266862
0.287763
0.593465
0.785668
0.764065
0.709240
0.675733
0.704627
0.748924
0.575124
0.508447
0.348573
0.321401
0.404970
0.537307
0.679604
0.599905
0.505811
0.622732
0.669689
0.471079
0.369821
0.386330
0.422728
0.662303
0.862539
0.867936
0.836493
0.807428
0.825394
0.841548
0.541759
0.486986
0.333930
0.465989
0.609465
0.622882
0.644644
0.675649
0.684294
0.670259
0.638528
0.599980
0.630721
0.626686
0.542712
0.660324
0.837324
0.852021
0.842368
0.823252
0.825531
0.824710
0.514922
0.548179
0.487403
0.538585
0.579480
0.587478
0.611197
0.647639
0.662176
0.633318
0.590217
0.650556
0.812347
0.765772
0.527398
0.629325
0.822513
0.829014
0.827450
0.827164
0.826383
0.816938
0.529652
0.545391
0.492065
0.518430
0.570521
0.575777
0.567237
0.627080
0.652490
0.605699
0.565625
0.679549
0.844750
0.843646
0.587172
0.604371
0.812354
0.813149
0.813051
0.828319
0.825653
0.799886
